male: 85.1346615162162
female: 14.590640974090615
ambiguous: 0.2746975096931892